0	8.5	0	0	0	0	0	0	0	0	0	0	0	0	0	0	0	0	0	0	0   0   0   0   
8.5	0	31.8	0	0	18.4	0	0	0	0	0	0	0	0	0	0	0	0	0	33.9	0   0   0   0
0	31.8	0	11.2	0	0	0	0	0	0	0	0	0	0	0	0	0	0	0	0	0   0   0   0
0	0	11.2	0	8.2	8.8	0	0	0	0	0	0	0	0	0	0	0	0	0	0	0   0   0   0
0	0	0	8.2	0	16.3	10.1	0	0	0	0	0	0	0	13.3	0	0	0	0	0   0   0   0   0
0	18.4	0	8.8	16.3	0	12.8	0	0	0	0	0	0	0	0	0	0	0	30.8	0   0   0   0   0
0	0	0	0	10.1	12.8	0	9.2	0	0	0	0	0	14.3	0	0	0	0	19.9	0   0   3   0   0
0	0	0	0	0	0	9.2	0	8.1	0	0	0	0	13.8	0	0	0	11.2	0	0	0   0   0   0
0	0	0	0	0	0	0	8.1	0	13.4	0	0	0	0	0	12.3	0	10.7	0	0	0   0   0   0
0	0	0	0	0	0	0	0	13.4	0	10.3	0	0	0	0	12.4	13.1	20.8	0   0   0   0   0   0
0	0	0	0	0	0	0	0	0	10.3	0	0	0	0	0	5.9	0	0	0	0	0   0   0   0
0	0	0	0	0	0	0	0	0	0	0	0	18	0	0	0	0	0	0	0	0   0   0   0
0	0	0	0	0	0	0	0	0	0	0	18	0	10.6	0	12.5	0	0	0	0	0   0   0   0
0	0	0	0	0	0	14.3	13.8	0	0	0	0	10.6	0	12.6	0	0	0	0	0   0   0   0   0
0	0	0	0	13.3	0	0	0	0	0	0	0	0	12.6	0	0	0	0	0	0	0   0   0   0
0	0	0	0	0	0	0	0	12.3	12.4	5.9	0	12.5	0	0	0	0	0	0	0	0   0   0   0
0	0	0	0	0	0	0	0	0	13.1	0	0	0	0	0	0	0	11	0	0	0   0   0   0
0	0	0	0	0	0	0	11.2	10.7	20.8	0	0	0	0	0	0	11	0	14.5	0	0   0   0   0
0	0	0	0	0	30.8	19.9	0	0	0	0	0	0	0	0	0	0	14.5	0	14	0   0   0   0
0	33.9	0	0	0	0	0	0	0	0	0	0	0	0	0	0	0	0	14	0	14.8    0   0   0
0	0	0	0	0	0	0	0	0	0	0	0	0	0	0	0	0	0	0	0   0	0   0   0
0	0	0	0	0	0	3	0	0	0	0	0	0	0	0	0	0	0	0	0	0   0   0   2.1
0	0	0	0	0	0	0	0	0	0	0	0	0	0	0	0	0	0	0	0	0   0   0   0 
0	0	0	0	0	0	0	0	0	0	0	0	0	0	0	0	0	0	0	0	0  2.1  0   0